moveArmToFallBack,V1.0,RShoulderRoll,LShoulderRoll,RShoulderPitch,LShoulderPitch,RArmRoll,LArmRoll,RArmYaw,LArmYaw,LHipYawPitch,LHipRoll,LHipPitch,RHipYawPitch,RHipRoll,RHipPitch,1,1
00:00:000,Pose1,0,0,0,0,0,0,0,0,0,0,0,0,0,0
00:00:040,Pose2,-0.17,0.17,0,0,0,0,0,0,0,0,0,0,0,0
00:00:080,Pose3,-0.34,0.34,0,0,0,0,0,0,0,0,0,0,0,0
00:00:120,Pose4,-0.51,0.51,0,0,0,0,0,0,0,0,0,0,0,0
00:00:160,Pose5,-0.68,0.68,0,0,0,0,0,0,0,0,0,0,0,0
00:00:200,Pose6,-0.85,0.85,0,0,0,0,0,0,0,0,0,0,0,0
00:00:240,Pose7,-1.02,1.02,0,0,0,0,0,0,0,0,0,0,0,0
00:00:240,Pose7,-1.17,1.17,0,0,0,0,0,0,0,0,0,0,0,0
00:00:240,Pose7,-1.34,1.34,0,0,0,0,0,0,0,0,0,0,0,0
00:00:240,Pose7,-1.56,1.56,0,0,0,0,0,0,0,0,0,0,0,0
00:00:240,Pose7,-1.34,1.34,0,0,0,0,0,0,0,0,0,0,0,0
00:00:240,Pose7,-1.17,1.17,0,0,0,0,0,0,0,0,0,0,0,0
00:00:240,Pose7,-1.02,1.02,0,0,0,0,0,0,0,0,0,0,0,0
00:00:280,Pose8,-0.85,0.85,0,0,0,0,0,0,0,0,0,0,0,0
00:00:320,Pose9,-0.68,0.68,0,0,0,0,0,0,0,0,0,0,0,0
00:00:360,Pose9,-0.51,0.51,0,0,0,0,0,0,0,0,0,0,0,0
00:00:400,Pose10,-0.34,0.34,0,0,0,0,0,0,0,0,0,0,0,0
00:00:440,Pose11,-0.17,0.17,0,0,0,0,0,0,0,0,0,0,0,0
00:00:480,Pose12,0,0,0,0,0,0,0,0,0,0,0,0,0,0
