shootLeftSpline,1,47.0
RHipPitch,spline,10,0.0,0.0,63.54,3.15,61.52,6.23,45.05,9.55,45.05,13.04,44.3,18.35,36.11,25.08,32.64,33.46,30.4,37.08,33.38,47.0,37.72,
RFootRoll,linear,4,0.0,0.0,-22.09,22.34,-23.33,33.88,-21.72,47.0,0.0,
LHipPitch,spline,12,0.0,0.0,65.52,4.4,66.14,7.72,65.89,10.21,65.27,12.79,58.45,14.53,60.93,18.93,51.0,21.05,44.8,25.49,40.58,32.18,30.4,38.07,34.62,47.0,37.72,
LArmRoll,linear,7,0.0,0.0,-80.41,0.95,-79.54,8.01,-0.37,12.87,-1.37,21.05,-74.83,23.83,-79.92,46.96,-79.42,
RHipRoll,linear,6,0.0,0.0,20.1,0.95,20.1,1.95,23.7,32.22,22.71,40.73,11.54,47.0,0.0,
RKneePitch,spline,9,0.0,0.0,-54.6,2.24,-56.46,11.33,-57.08,15.32,-60.19,19.31,-59.44,25.7,-58.2,33.42,-56.46,39.4,-65.65,47.0,-70.49,
RShoulderYaw,linear,2,0.0,0.0,-19.86,47.0,-19.61,
RArmYaw,linear,2,0.0,0.0,77.01,47.0,76.82,
LFootRoll,linear,3,0.0,0.0,-24.57,32.14,-24.82,47.0,0.0,
LArmYaw,linear,2,0.0,0.0,-64.6,47.0,-64.8,
LHipYawPitch,linear,3,0.0,0.0,0.99,1.37,0.25,47.0,0.0,
LShoulderYaw,linear,2,0.0,0.0,19.86,47.0,19.86,
LKneePitch,spline,10,0.0,0.0,-72.47,1.04,-71.85,6.27,-15.14,11.38,-10.8,14.41,-49.76,17.15,-69.62,27.94,-66.89,32.18,-56.96,36.16,-61.43,47.0,-70.24,
RArmRoll,linear,4,0.0,0.0,0.0,0.91,0.25,11.19,78.11,47.0,79.67,
RHipYawPitch,linear,4,0.0,0.0,0.99,1.04,1.24,1.66,0.12,47.0,0.0,
RFootPitch,spline,7,0.0,0.0,15.88,2.03,17.99,11.75,18.49,20.55,25.56,32.43,25.94,39.11,30.16,47.0,32.51,
LFootPitch,spline,8,0.0,0.0,26.56,2.76,16.25,5.11,-27.1,13.95,-11.79,19.68,29.53,30.77,27.43,39.24,30.9,47.0,32.51,
LHipRoll,linear,6,0.0,0.0,23.33,1.12,23.33,1.99,26.18,24.7,25.69,33.96,22.21,47.0,0.0,
