shootLeftKlaus,1,47.0
RHipPitch,spline,6,0.0,0.0,30.17,11.84,33.17,20.1,25.87,24.21,10.82,31.03,20.03,47.0,32.38,
RFootRoll,spline,7,0.0,0.0,0.0,8.29,-6.01,16.39,-19.81,24.25,-21.6,32.1,-17.59,45.07,-1.56,47.0,0.0,
LKneePitch,spline,9,0.0,0.0,-60.37,8.73,-57.22,15.6,-64.28,24.44,-102.63,26.0,-97.73,26.62,-83.04,28.32,-69.57,44.01,-70.58,47.0,-70.24,
LHipPitch,spline,7,0.0,0.0,30.36,9.47,25.16,17.14,30.51,21.33,43.57,25.81,52.64,40.91,29.51,47.0,37.72,
RHipRoll,spline,7,0.0,0.0,0.0,8.29,4.9,16.77,19.37,24.37,20.99,39.77,17.59,45.19,5.12,47.0,0.0,
RFootPitch,spline,6,0.0,0.0,30.15,17.29,26.06,20.43,25.56,30.5,25.94,43.1,30.16,47.0,32.51,
RHipYawPitch,linear,2,0.0,0.0,0.1,47.0,0.0,
RKneePitch,spline,5,0.0,0.0,-60.39,15.33,-48.16,22.0,-35.4,31.8,-53.18,47.0,-70.49,
LFootRoll,spline,7,0.0,0.0,0.0,8.23,-5.34,16.46,-19.81,24.19,-21.15,32.16,-17.59,45.07,-1.56,47.0,0.0,
LFootPitch,spline,9,0.0,0.0,29.73,10.91,31.84,20.56,23.3,22.88,12.24,25.35,5.61,25.99,18.92,27.36,27.83,43.23,30.9,47.0,32.51,
LHipRoll,spline,7,0.0,0.0,0.0,8.23,5.34,16.71,19.37,24.37,19.81,39.71,18.03,45.13,6.01,47.0,0.0,
LHipYawPitch,linear,2,0.0,0.0,0.54,47.0,0.0,
