17	6
17	0	0.2	0.4	0.6	0.9
6	0.2	0.4	0.6	0.9	3.0
9	-30	0	0	0	0
10	-60	-60	0	0	0
11	0	0	0	0	0
12	30	20	-40	0	0
7	30	30	0	0	0
8	30	30	0	0	0
13	-30	-30	0	0	0
14	-40	10	0	0	0
5	20	20	50	0	0
6	30	30	0	0	0
17	30	60	60	0	0
18	-30	-30	-10	0	0
16	0	45	90	90	90
20	-45	-90	-90	-90	-90
15	0	0	45	90	90 

0	0	llj4	rlj4	llj5	rlj5	llj3	rlj3	llj6	rlj6	llj2	rlj2	laj2	raj2	raj1	raj3	laj1
0	0.2	-30	-60	0	30	30	30	-30	-40	20	30	30	-30	0	-45	0
0.2	0.4	0	.	.	20	.	.	.	10	.	.	60	-30	45	-90	0
0.4	0.6	.	0	.	-40	0	0	0	0	50	0	.	-10	90	.	45
0.6	0.9	.	.	.	0	.	.	.	.	0	.	0	0	.	.	90
0.9	17	.	.	.	.	.	.	.	.	.	.	.
	.	.	.	.
