10	6
10	0	0.1	0.2	0.3	0.4
6	0.1	0.2	0.3	0.4	3.0
9	-50	0	0	0	0
10	-50	0	0	0	0
7	90	0	0	0	0
8	90	0	0	0	0
11	20	20	-10	-40	-40
12	20	20	-10	-40	-40
15	30	30	60	90	90
16	30	30	60	90	90

10	6
10	0	0.1	0.4	0.6	0.8
6	0.1	0.4	0.6	0.8	3.0
9	-50	0	0	0	0
10	-50	0	0	0	0
7	90	0	0	0	0
8	90	0	0	0	0
11	20	20	-10	-40	-40
12	20	20	-10	-40	-40
15	30	30	60	90	90
16	30	30	60	90	90

0	0	llj4	rlj4	llj3	rlj3	llj5	rlj5	laj1	raj1
0	0.1	-50	-50	90	90	20	20	30	30
0.1	0.4	0	0	0	0	20	20	.	.
0.4	0.6	.	.	.	.	-10	-10	60	60
0.6	0.8	.	.	.	.	-40	-40	90	90
0.8     3.0	.	.	.	.	.	.	.	.
