16	6
0	0	0.5	0.55	0.8	1.2
0	0.5	0.55	0.8	1.2	1.5
15	-20	-40	-30	0	-90
16	-20	-40	-30	0	-90
7	70	70	100	45	45
8	70	70	100	45	45
3	-60	-60	-35	-5	0
4	-60	-60	-35	-5	0
9	0	0	0	-30	-60
10	0	0	0	-30	-60
11	40	15	-16	4	35
12	40	15	-16	4	35
13	-23	-23	-23	0	0
14	23	23	23	0	0
17	0	0	30	45	90
18	0	0	-30	-45	-90

14	6
0	0	0.5	0.55	0.8	1.2
0	0.5	0.55	0.8	1.2	1.6
15	-20	-40	-30	-15	0
16	-20	-40	-30	-15	0
7	70	70	100	90	60
8	70	70	100	90	60
3	-60	-60	-35	0	-45
4	-60	-60	-35	0	-45
9	0	0	0	-10	-50
10	0	0	0	-10	-50
11	40	15	-16	0	0
12	40	15	-16	0	0
13	-23	-23	-23	0	0
14	23	23	23	0	0










22  9
0  	0  	0.3  	0.4	0.76  	0.96 	1.04	 1.2 	1.46	    
0  	0.3	0.4  	0.76	0.96 	1.04  	1.20 	 1.46	2.2    
3 	0 	0  	0	0	 0 	 0 	  0 	  0 
4 	0       0    	0	0 	 0	 0 	  0	  0 
5	0       0 	0 	0	 0	 0 	  0 	  0 
6   	0	0       0	0	0 	 0 	  0 	  0 
7       90  	90 	90 	95  	90  	 90 	  55 	  35  
8       90 	 90	90	95 	90	 90	 55 	35
9       0 	 0  	0	 0	 0  	-70 	-60	-60 
10      0 	 0      0 	 0	 0 	-70 	-60 	-60  
11      0 	30 	30 	10 	 0 	15 	28	 33    
12      0 	30 	30 	10 	 0 	15 	28	 33    
13        0     0    0    0   0    0   0   0
14         0     0    0    0   0    0   0   0 
15    -90   55   55    0   -90    -90   -90   -90 
16    -90   55   55    0   -90    -90   -90   -90 
17         90   90    0    0   0    0   0   0 
18        -90  -90    0    0   0    0   0   0  
19       -90  -90   -90   0   0    0   0   0 
20         90   90    90   0   0    0   0   0  
21         0    0     0    0   0    0   0   0 
22         0    0     0    0   0    0   0   0


22  10
0  	0  	  	0.2  	0.6 	 0.7  	1.06 	 1.26	  1.34 	1.7	  1.76  
0  	0.2  	  	0.6  	0.7  	1.06 	1.26  	1.34 	 1.7	  1.76    1.80   
3 	  0 	   	   0	     0   0	    0	    0 	  0 	  0 	  0 
4 	  0 	    	  0 	    0    0 	   0 	   0	   0 	  0	   0 
5	  0 	   	   0 	    0 	   0 	   0 	   0	   0 	  0 	  0 
6   0       0     0    0    0    0   0   0   0 
7   90     90  90   90  95  90   45 45 45  
8   90     90  90   90  95  90  45 45 45 
9   0        0    0     0   0   0    -65  -65  -65 
10  0        0    0     0   0  0    -65  -65  -65  
11  0       0    20   20    4  -5  40 40 40    
12 0       0    20   20   4  -5   40 40 40    
13 0       0     0    0    0   0    0   0   0
14  0       0     0    0    0   0    0   0   0 
15 -90   -90   55   55    0   -90.0    -90   -90   -90 
16 -90   -90   55   55    0   -90    -90   -90   -90 
17  0       90   90    0    0   0    0   0   0 
18  0      -90  -90    0    0   0    0   0   0  
19  0     -90  -90   -90   0   0    0   0   0 
20  0       90   90    90   0   0    0   0   0  
21  0       0    0     0    0   0    0   0   0 
22  0       0    0     0    0   0    0   0   0
	JID_LLEG_1,//3
	JID_RLEG_1,//4
	JID_LLEG_2,//5
	JID_RLEG_2,//6
	JID_LLEG_3,//7
	JID_RLEG_3,//8
	JID_LLEG_4,//9
	JID_RLEG_4,//10
	JID_LLEG_5,//11
	JID_RLEG_5,//12
	JID_LLEG_6,//13
	JID_RLEG_6,//14

	JID_LARM_1,//15
	JID_RARM_1,//16
	JID_LARM_2,//17
	JID_RARM_2,//18
	JID_LARM_3,//19
	JID_RARM_3,//20
	JID_LARM_4,//21
	JID_RARM_4,//22



20	8
0	0	0.25	0.37	0.6	1.1	1.24	1.34
0	0.25	0.37	0.6	1.1	1.24	1.34	1.4
15	-20	-40	-30	0	-25	-90	-90
16	-20	-40	-30	0	-25	-90	-90
7	70	90	100	20	20	20	20
8	70	90	100	20	20	20	20
3	-60	-60	-32	0	0	0	0
4	-60	-60	-32	0	0	0	0
9	0	-30	-50	-40	-65	-55	-55
10	0	-30	-50	-40	-65	-55	-55
11	60	30	-10	20	40	45	45
12	60	30	-10	20	40	45	45	
13	-23	-23	-13	0	0	0	0
14	23	23	13	0	0	0	0
5	0	0	0	0	0	0	0
6	0	0	0	0	0	0	0
19	0	0	0	0	-30	-90	-90
20	0	0	0	0	30	90	90
17	0	0	0	0	0	0	0
18	0	0	0	0	0	0	0


18	8
0	0	0.25	0.35	0.6	1	1.14	1.24
0	0.25	0.35	0.6	1	1.14	1.24	1.4
15	-20	-40	-30	0	-25	-90	-90
16	-20	-40	-30	0	-25	-90	-90
7	70	90	100	20	20	20	20
8	70	90	100	20	20	20	20
3	-60	-60	-32	0	0	0	0
4	-60	-60	-32	0	0	0	0
9	0	-30	-50	-40	-65	-65	-65
10	0	-30	-50	-40	-65	-65	-65
11	45	10	-10	20	38	45	45
12	45	10	-10	20	38	45	45	
13	-23	-23	-15	0	0	0	0
14	23	23	15	0	0	0	0
5	0	0	0	0	0	0	0
6	0	0	0	0	0	0	0
19	0	0	0	0	-30	-90	-90
20	0	0	0	0	30	90	90


较稳
18	8
0	0	0.25	0.35	0.6	0.92	1.04	1.2
0	0.25	0.35	0.6	0.92	1.04	1.2	1.4
15	-20	-40	-30	0	-25	-90	-90
16	-20	-40	-30	0	-25	-90	-90
7	70	90	100	20	20	20	20
8	70	90	100	20	20	20	20
3	-60	-60	-32	0	0	0	0
4	-60	-60	-32	0	0	0	0
9	0	-30	-50	-40	-65	-65	-65
10	0	-30	-50	-40	-65	-65	-65
11	45	10	-10	20	38	45	45
12	45	10	-10	20	38	45	45	
13	-23	-23	-15	0	0	0	0
14	23	23	15	0	0	0	0
5	0	0	0	0	0	0	0
6	0	0	0	0	0	0	0
19	0	0	0	0	-30	-90	-90
20	0	0	0	0	30	90	90

最稳
18	8
0	0	0.25	0.35	0.6	0.92	1.04	1.2
0	0.25	0.35	0.6	0.92	1.04	1.2	1.38
15	-20	-40	-30	0	-25	-90	-90
16	-20	-40	-30	0	-25	-90	-90
7	70	90	100	20	20	20	20
8	70	90	100	20	20	20	20
3	-60	-60	-32	0	0	0	0
4	-60	-60	-32	0	0	0	0
9	0	-30	-50	-40	-65	-65	-65
10	0	-30	-50	-40	-65	-65	-65
11	40	0	-13	20	38	45	45
12	40	0	-13	20	38	45	45	
13	-23	-23	-15	0	0	0	0
14	23	23	15	0	0	0	0
5	0	0	0	0	0	0	0
6	0	0	0	0	0	0	0
19	0	0	0	0	-30	-90	-90
20	0	0	0	0	30	90	90









//nemiofte faghat 1.61
14	5
0	0	0.5	0.55	1
0	0.5	0.55	1	1.61
15	-20	-40	-30	0
16	-20	-40	-30	0
7	70	70	100	0
8	70	70	100	0
3	-60	-60	-35	0
4	-60	-60	-35	0
9	0	0	0	0
10	0	0	0	0
11	40	15	-15	0
12	40	15	-15	0
13	-23	-23	-23	0
14	23	23	23	0















// miofte vali style doroste

14	5
0	0	0.5	0.55	0.8
0	0.5	0.55	0.8	2
15	-20	-40	-30	0
16	-20	-40	-30	0
7	70	70	100	0
8	70	70	100	0
3	-60	-60	-35	0
4	-60	-60	-35	0
9	0	0	0	0
10	0	0	0	0
11	40	15	-16	0
12	40	15	-16	0
13	-23	-23	-23	0
14	23	23	23	0
