0.000000 -1.441908 -0.035889 -0.080014 -0.044125 1.441908
0.000000 -1.439514 -0.107922 -0.240576 -0.132654 1.439514
0.000000 -1.434749 -0.180734 -0.402769 -0.222035 1.434749
0.000000 -1.427660 -0.254891 0.567786 -0.312894 1.427660
0.000000 -1.418317 -0.331036 0.736988 -0.405952 1.418317
0.000000 -1.406809 -0.409930 0.912002 -0.502072 1.406809
0.000000 -1.393243 -0.492512 1.094847 -0.602334 1.393243
0.000000 -1.377743 -0.579985 1.288120 -0.708135 1.377743
0.000000 0.076144 -3.762287 1.564902 2.197385 -0.076144
0.000000 0.093354 -4.103950 2.828482 1.275468 -0.093354
0.000000 0.104722 -4.434524 4.082426 0.352098 -0.104722
0.000000 0.121725 -4.960709 5.813009 -0.852301 -0.121725
0.000000 0.139749 -6.041254 8.773713 -2.732459 -0.139749
4 -5 -5 0 0 -3
4 -2 -5 0 0 -3
7 -0 -5 0 0 -3
7 -7 -5 0 0 -3
5 -7 -5 0 0 -2
5 -7 -5 0 0 -2
0 0 0 0 0 0
0 0 0 0 0 0
0 0 0 0 0 0
0 0 0 0 0 0
0 0 0 0 0 0
0 0 0 0 0 0
0 0 0 0 0 0
0 0 0 0 0 0
0 0 0 0 0 0
0 0 0 0 0 0
0 0 0 0 0 0
0 0 0 0 0 0
0 0 0 0 0 0
0 0 0 0 0 0
0 0 0 0 0 0
0 0 0 0 0 0
0 0 0 0 0 0
0 0 0 0 0 0
0 0 0 0 0 0
0 0 0 0 0 0
0 0 0 0 0 0
0 0 0 0 0 0
0 0 0 0 0 0
0 0 0 0 0 0
0 0 0 0 0 0
0 0 0 0 0 0
0 0 0 0 0 0
0 0 0 0 0 0
0 0 0 0 0 0
0 0 0 0 0 0
0 0 0 0 0 0
0 0 0 0 0 0
0 0 0 0 0 0
0 0 0 0 0 0
0 0 0 0 0 0
0 0 0 0 0 0
0 0 0 0 0 0
0 0 0 0 0 0
0 0 0 0 0 0
0 0 0 0 0 0
0 0 0 0 0 0
0 0 0 0 0 0
0 0 0 0 0 0
0 0 0 0 0 0
0 0 0 0 0 0
0 0 0 0 0 0
0 0 0 0 0 0
0 0 0 0 0 0
0 0 0 0 0 0
0 0 0 0 0 0
0 0 0 0 0 0
0 0 0 0 0 0
0 0 0 0 0 0
0 0 0 0 0 0
0 0 0 0 0 0
0 0 0 0 0 0
0 0 0 0 0 0
0 0 0 0 0 0
0 0 0 0 0 0
0 0 0 0 0 0
0 0 0 0 0 0
0 0 0 0 0 0
0 0 0 0 0 0
0 0 0 0 0 0
0 0 0 0 0 0
0 0 0 0 0 0
0 0 0 0 0 0
0 0 0 0 0 0
0 0 0 0 0 0
0 0 0 0 0 0
0 0 0 0 0 0
0 0 0 0 0 0
0 0 0 0 0 0
0 0 0 0 0 0
0 0 0 0 0 0
0 0 0 0 0 0
0 0 0 0 0 0
0 0 0 0 0 0
0 0 0 0 0 0
0 0 0 0 0 0
0 0 0 0 0 0
0 0 0 0 0 0
0 0 0 0 0 0
0 0 0 0 0 0
0 0 0 0 0 0
0 0 0 0 0 0
0 0 0 0 0 0
0 0 0 0 0 0
0 0 0 0 0 0
0 0 0 0 0 0
0 0 0 0 0 0
0 0 0 0 0 0
0 0 0 0 0 0
0 0 0 0 0 0