0.000000 -0.512803 -0.004535 0.010110 -0.005576 0.512803
0.000000 -0.512695 -0.013608 0.030340 -0.016732 0.512695
0.000000 -0.512479 -0.022694 0.050595 -0.027901 0.512479
0.000000 -0.512156 -0.031800 0.070892 -0.039092 0.512156
0.000000 -0.511726 -0.040935 0.091250 -0.050315 0.511726
0.000000 -0.511189 -0.050107 0.111685 -0.061578 0.511189
0.000000 -0.510547 -0.059325 0.132217 -0.072892 0.510547
0.000000 -0.509800 -0.068598 0.152865 -0.084267 0.509800
0.000000 -0.508948 -0.077936 0.173648 -0.095712 0.508948
0.000000 -0.507993 -0.087348 0.194587 -0.107239 0.507993
0.000000 -0.181864 1.175263 -2.621054 1.445791 0.181864
0.000000 -0.137594 1.065495 -2.382031 1.316536 0.137594
0.000000 -0.080137 0.964421 -2.161313 1.196892 0.080137
0.000000 -0.009025 0.869330 -1.952890 1.083560 0.009025
0.000000 0.076077 0.778014 -1.751840 0.973826 -0.076077
0.000000 0.137095 0.706369 -1.594118 0.887749 -0.137095
0.000000 0.172748 0.651766 -1.474143 0.822377 -0.172748
0.000000 0.220864 0.595156 -1.349006 0.753850 -0.220864
0.000000 0.281666 0.535998 -1.217426 0.681429 -0.281666
0.000000 0.355241 0.473603 -1.077795 0.604191 -0.355241
0 2 0 4 -3 7
0 2 0 4 -3 7
0 2 0 4 -3 7
0 2 0 4 -3 -2
0 -2 -7 7 -4 2
0 -5 -7 7 -2 -2
0 -7 -7 7 -4 2
0 -4 -5 7 -2 -2
0 -4 -5 7 -4 2
0 -4 -5 7 -2 -2
0 -7 -5 7 -4 -1
0 -7 -5 7 -2 -1
0 0 0 0 0 0
0 0 0 0 0 0
0 0 0 0 0 0