0.000000 -2.230842 0.631339 -1.408532 0.777193 2.230842
0.000000 -2.201351 0.743836 -1.661986 0.918151 2.201351
0.000000 -2.160712 0.796664 -1.783200 0.986536 2.160712
-5.000000 -2.102154 -2.800975 -1.796418 0.995443 2.102154
-5.000000 -2.097900 -2.904709 -2.033728 1.129019 2.097900
-7.000000 -2.161809 -1.081428 -2.438059 1.356631 2.161809
-7.000000 -2.219383 -1.187329 -2.686630 1.499301 2.219383
-7.000000 -2.264399 -1.235960 -2.808887 1.572927 2.264399
-4.000000 -2.861301 -1.924469 0.579484 -2.503953 -0.861301
-5.000000 -1.066194 -1.890938 1.025122 -2.916060 -5.066194
0.000000 1.208483 1.787027 1.557593 -3.344620 -5.208483
0.000000 1.648069 0.285840 4.828049 -5.113889 -5.648069
0.000000 2.007586 -1.947720 9.325623 -7.377903 -5.007586
0 7 7 -2 0 -2
0 7 2 -2 -1 -2
0 7 2 -2 -2 -1
0 7 2 -2 -2 3
0 7 2 -2 -2 3
0 0 0 0 0 0
0 0 0 0 0 0
0 0 0 0 0 0
0 0 0 0 0 0
0 0 0 0 0 0
0 0 0 0 0 0
0 0 0 0 0 0
0 0 0 0 0 0
0 0 0 0 0 0
0 0 0 0 0 0
0 0 0 0 0 0
0 0 0 0 0 0
0 0 0 0 0 0
0 0 0 0 0 0
0 0 0 0 0 0
0 0 0 0 0 0
0 0 0 0 0 0
0 0 0 0 0 0
0 0 0 0 0 0
0 0 0 0 0 0
0 0 0 0 0 0
0 0 0 0 0 0
0 0 0 0 0 0
0 0 0 0 0 0
0 0 0 0 0 0
0 0 0 0 0 0
0 0 0 0 0 0
0 0 0 0 0 0
0 0 0 0 0 0
0 0 0 0 0 0
0 0 0 0 0 0
0 0 0 0 0 0
0 0 0 0 0 0
0 0 0 0 0 0
0 0 0 0 0 0
0 0 0 0 0 0
0 0 0 0 0 0
0 0 0 0 0 0
0 0 0 0 0 0
0 0 0 0 0 0
0 0 0 0 0 0
0 0 0 0 0 0
0 0 0 0 0 0
0 0 0 0 0 0
0 0 0 0 0 0
0 0 0 0 0 0
0 0 0 0 0 0
0 0 0 0 0 0
0 0 0 0 0 0
0 0 0 0 0 0
0 0 0 0 0 0
0 0 0 0 0 0
0 0 0 0 0 0
0 0 0 0 0 0
0 0 0 0 0 0
0 0 0 0 0 0
0 0 0 0 0 0
0 0 0 0 0 0
0 0 0 0 0 0
0 0 0 0 0 0
0 0 0 0 0 0
0 0 0 0 0 0
0 0 0 0 0 0
0 0 0 0 0 0
0 0 0 0 0 0
0 0 0 0 0 0
0 0 0 0 0 0
0 0 0 0 0 0
0 0 0 0 0 0
0 0 0 0 0 0
0 0 0 0 0 0
0 0 0 0 0 0
0 0 0 0 0 0
0 0 0 0 0 0
0 0 0 0 0 0
0 0 0 0 0 0
0 0 0 0 0 0
0 0 0 0 0 0
0 0 0 0 0 0
0 0 0 0 0 0
0 0 0 0 0 0
0 0 0 0 0 0
0 0 0 0 0 0
0 0 0 0 0 0
0 0 0 0 0 0
0 0 0 0 0 0
0 0 0 0 0 0
0 0 0 0 0 0
0 0 0 0 0 0
0 0 0 0 0 0
0 0 0 0 0 0
0 0 0 0 0 0
0 0 0 0 0 0
0 0 0 0 0 0
0 0 0 0 0 0