         0    1.4419   -0.0359   -0.0800   -0.0441   -1.4419
         0    1.4395   -0.1079   -0.2406   -0.1327   -1.4395
         0    1.4347   -0.1807   -0.4028   -0.2220   -1.4347
         0    1.4277   -0.2549    0.5678   -0.3129   -1.4277
         0    1.4183   -0.3310    0.7370   -0.4060   -1.4183
         0    1.4068   -0.4099    0.9120   -0.5021   -1.4068
         0    1.3932   -0.4925    1.0948   -0.6023   -1.3932
         0    1.3777   -0.5800    1.2881   -0.7081   -1.3777
         0   -0.0761   -3.7623    1.5649    2.1974    0.0761
         0   -0.0934   -4.1040    2.8285    1.2755    0.0934
         0   -0.1047   -4.4345    4.0824    0.3521    0.1047
         0   -0.1217   -4.9607    5.8130   -0.8523    0.1217
         0   -0.1397   -6.0413    8.7737   -2.7325    0.1397
    4.0000    5.0000   -5.0000         0         0    3.0000
    4.0000    2.0000   -5.0000         0         0    3.0000
    7.0000         0        -5.0000         0         0    3.0000
    7.0000    7.0000   -5.0000         0         0    3.0000
    5.0000    7.0000   -5.0000         0         0    2.0000
    5.0000    7.0000   -5.0000         0         0    2.0000
0 0 0 0 0 0
0 0 0 0 0 0
0 0 0 0 0 0
0 0 0 0 0 0
0 0 0 0 0 0
0 0 0 0 0 0
0 0 0 0 0 0
0 0 0 0 0 0
0 0 0 0 0 0
0 0 0 0 0 0
0 0 0 0 0 0
0 0 0 0 0 0
0 0 0 0 0 0
0 0 0 0 0 0
0 0 0 0 0 0
0 0 0 0 0 0
0 0 0 0 0 0
0 0 0 0 0 0
0 0 0 0 0 0
0 0 0 0 0 0
0 0 0 0 0 0
0 0 0 0 0 0
0 0 0 0 0 0
0 0 0 0 0 0
0 0 0 0 0 0
0 0 0 0 0 0
0 0 0 0 0 0
0 0 0 0 0 0
0 0 0 0 0 0
0 0 0 0 0 0
0 0 0 0 0 0
0 0 0 0 0 0
0 0 0 0 0 0
0 0 0 0 0 0
0 0 0 0 0 0
0 0 0 0 0 0
0 0 0 0 0 0
0 0 0 0 0 0
0 0 0 0 0 0
0 0 0 0 0 0
0 0 0 0 0 0
0 0 0 0 0 0
0 0 0 0 0 0
0 0 0 0 0 0
0 0 0 0 0 0
0 0 0 0 0 0
0 0 0 0 0 0
0 0 0 0 0 0
0 0 0 0 0 0
0 0 0 0 0 0
0 0 0 0 0 0
0 0 0 0 0 0
0 0 0 0 0 0
0 0 0 0 0 0
0 0 0 0 0 0
0 0 0 0 0 0
0 0 0 0 0 0
0 0 0 0 0 0
0 0 0 0 0 0
0 0 0 0 0 0
0 0 0 0 0 0
0 0 0 0 0 0
0 0 0 0 0 0
0 0 0 0 0 0
0 0 0 0 0 0
0 0 0 0 0 0
0 0 0 0 0 0
0 0 0 0 0 0
0 0 0 0 0 0
0 0 0 0 0 0
0 0 0 0 0 0
0 0 0 0 0 0
0 0 0 0 0 0
0 0 0 0 0 0
0 0 0 0 0 0
0 0 0 0 0 0
0 0 0 0 0 0
0 0 0 0 0 0
0 0 0 0 0 0
0 0 0 0 0 0
0 0 0 0 0 0
0 0 0 0 0 0
0 0 0 0 0 0
0 0 0 0 0 0
0 0 0 0 0 0
0 0 0 0 0 0
0 0 0 0 0 0
0 0 0 0 0 0
0 0 0 0 0 0
0 0 0 0 0 0
0 0 0 0 0 0
0 0 0 0 0 0
0 0 0 0 0 0
0 0 0 0 0 0
