0.000000 -0.512803 -0.004535 0.010110 -0.005576 0.512803
0.000000 -0.512695 -0.013608 0.030340 -0.016732 0.512695
0.000000 -0.512479 -0.022694 0.050595 -0.027901 0.512479
0.000000 -0.512156 -0.031800 0.070892 -0.039092 0.512156
0.000000 -0.511726 -0.040935 0.091250 -0.050315 0.511726
0.000000 -0.511189 -0.050107 0.111685 -0.061578 0.511189
0.000000 -0.510547 -0.059325 0.132217 -0.072892 0.510547
0.000000 -0.509800 -0.068598 0.152865 -0.084267 0.509800
0.000000 -0.508948 -0.077936 0.173648 -0.095712 0.508948
0.000000 -0.507993 -0.087348 0.194587 -0.107239 0.507993
0.000000 -0.614937 -0.118744 0.264475 -0.145732 0.614937
0.000000 -0.569464 -0.122933 0.273744 -0.150810 0.569464
0.000000 -0.514142 -0.121955 0.271501 -0.149546 0.514142
0.000000 -0.449111 -0.115239 0.256493 -0.141254 0.449111
0.000000 -0.374477 -0.102433 0.227944 -0.125511 0.374477
0.000000 -0.323629 -0.093264 0.207503 -0.114239 0.323629
0.000000 -0.296349 -0.089327 0.198710 -0.109383 0.296349
0.000000 -0.259242 -0.081270 0.180760 -0.099489 0.259242
0.000000 -0.212367 -0.068784 0.152967 -0.084183 0.212367
0.000000 -0.155755 -0.051728 0.115025 -0.063297 0.155755
0 7 -2 -2 -2 -10
0 7 -2 -2 -2 -10
0 6 -2 0 0 -10
0 10 -2 0 0 -10
0 10 0 0 0 -5
0 10 0 0 0 -5
0 10 0 0 0 -5
0 10 0 0 0 -5
0 0 0 0 0 0
0 0 0 0 0 0
0 0 0 0 0 0
0 0 0 0 0 0
0 0 0 0 0 0
0 0 0 0 0 0
0 0 0 0 0 0