0.000000 -0.125126 2.345863 -5.720674 3.374810 0.125126
0.000000 -0.136727 2.046916 -5.126252 3.079336 0.136727
0.000000 -0.149125 1.841404 -4.741652 2.900248 0.149125
0.000000 -0.162431 1.684322 -4.468551 2.784229 0.162431
0.000000 -0.176776 1.555025 -4.262240 2.707215 0.176776
0.000000 -0.192308 1.442448 -4.099153 2.656706 0.192308
0.000000 -0.209196 1.339960 -3.965569 2.625609 0.209196
0.000000 -0.227639 1.243212 -3.852890 2.609678 0.227639
0.000000 -0.247866 1.149106 -3.755409 2.606304 0.247866
0.000000 -0.270148 1.055258 -3.669152 2.613894 0.270148
0.000000 -0.294802 0.959696 -3.591227 2.631530 0.294802
0.000000 -0.322208 0.860666 -3.519439 2.658773 0.322208
0.000000 -0.352818 0.756508 -3.452053 2.695544 0.352818
0.000000 -0.387174 0.645571 -3.387633 2.742062 0.387174
0.000000 -0.425935 0.526140 -3.324934 2.798794 0.425935
0.000000 0.872665 0.396389 -3.262817 -4.654211 -1.163553
0.000000 0.872665 0.254333 -3.200189 -4.654211 -1.163553
0.000000 0.872665 0.097795 -3.135943 -4.654211 -1.163553
0.000000 0.872665 -0.079490 -3.121832 -4.654211 -1.163553
0.000000 0.872665 -0.294229 -3.146130 -4.654211 -1.163553
0.000000 0.872665 -0.555171 -3.149280 -4.654211 -1.163553
0.000000 0.872665 -0.869601 -3.129025 -4.654211 -1.163553
0.000000 0.872665 -1.245290 -3.081855 -4.654211 -1.163553
0.000000 0.872665 -1.689301 -3.002660 -4.654211 -1.163553
0.000000 0.872665 -2.205433 -2.884344 -4.654211 -1.163553
0.000000 0.872665 -2.789349 -2.717477 -4.654211 -1.163553
0.000000 0.872665 -3.420139 -2.490228 -4.654211 -1.163553
0.000000 0.872665 -4.047562 -2.189112 -4.654211 -1.163553
0.000000 0.872665 -3.506767 -1.801376 -4.654211 -1.163553
0.000000 0.000000 8.726646 8.726646 -4.363323 0.000000
0.000000 0.000000 8.726646 8.726646 -4.363323 0.000000
0.000000 0.000000 3.726646 8.726646 -4.363323 0.000000
0.000000 0.000000 3.726646 8.726646 -4.363323 0.000000
0.000000 0.000000 3.726646 8.726646 -4.363323 0.000000
0.000000 0.000000 3.726646 8.726646 -4.363323 0.000000
0.000000 0.000000 4.726646 8.726646 -4.363323 0.000000
0.000000 0.000000 8.726646 8.726646 8.363323 0.000000
0.000000 0.000000 8.726646 8.726646 5.726646 0.000000
0.000000 0.000000 8.726646 8.726646 8.726646 0.000000
0.000000 0.000000 8.726646 8.726646 8.726646 0.000000
0.000000 0.000000 8.726646 8.726646 8.726646 0.000000
0 0 0 0 0 0
0 0 0 0 0 0