0.000000 0.001144 -0.078410 0.048973 0.029437 -0.001144
0.000000 0.001565 -0.091410 0.070603 0.020807 -0.001565
0.000000 0.001962 -0.103874 0.091343 0.012531 -0.001962
0.000000 0.002337 -0.115818 0.111231 0.004587 -0.002337
0.000000 0.002688 -0.127256 0.130295 -0.003039 -0.002688
0.000000 0.003016 -0.138200 0.148562 -0.010361 -0.003016
0.000000 0.003321 -0.148658 0.166048 -0.017390 -0.003321
0.000000 0.003602 -0.158638 0.182769 -0.024131 -0.003602
0.000000 0.003861 -0.168142 0.198732 -0.030589 -0.003861
0.000000 0.004096 -0.177175 0.213942 -0.036766 -0.004096
0.000000 0.004307 -0.185736 0.228397 -0.042661 -0.004307
0.000000 0.004496 -0.193823 0.242092 -0.048268 -0.004496
0.000000 0.004662 -0.201434 0.255016 -0.053583 -0.004662
0.000000 0.004804 -0.208560 0.267155 -0.058594 -0.004804
0.000000 0.004924 -0.215196 0.278487 -0.063291 -0.004924
0.000000 0.005021 -0.221329 0.288987 0.465421 -0.005021
0.000000 0.005096 -0.226948 0.298624 0.465421 -0.005096
0.000000 0.005148 -0.232036 0.307361 0.465421 -0.005148
0.000000 0.005504 -0.247316 0.335043 0.465421 -0.005504
0.000000 0.006146 -0.272736 0.381806 0.465421 -0.006146
0.000000 0.006734 -0.297613 0.428019 0.465421 -0.006734
0.000000 0.007269 -0.322058 0.473919 0.465421 -0.007269
0.000000 0.007752 -0.346189 0.519764 0.465421 -0.007752
0.000000 0.008182 -0.370139 0.565837 0.465421 -0.008182
0.000000 0.008560 -0.394058 0.612462 0.465421 -0.008560
0.000000 0.008886 -0.418122 0.660022 0.465421 -0.008886
0.000000 0.009161 -0.442550 0.708987 0.465421 -0.009161
0.000000 0.009384 -0.467614 0.759948 0.465421 -0.009384
0.000000 0.009558 -0.493668 0.813676 0.465421 -0.009558
0.000000 0.000000 -0.872665 0.872665 -3.490659 0.000000
0.000000 0.000000 -0.872665 0.872665 -3.490659 0.000000
0.000000 0.000000 -0.872665 0.872665 -3.490659 0.000000
0.000000 0.000000 -0.872665 0.872665 -3.490659 0.000000
0.000000 0.000000 -0.872665 0.872665 -3.490659 0.000000
0.000000 0.000000 -0.872665 0.872665 -3.490659 0.000000
0.000000 0.000000 -8.726646 8.726646 -3.490659 0.000000
0.000000 0.000000 -8.726646 8.726646 -3.490659 0.000000
0.000000 0.000000 -0.872665 0.872665 -3.490659 0.000000
0.000000 0.000000 -0.872665 0.872665 -3.490659 0.000000
0.000000 0.000000 -0.872665 0.872665 -3.490659 0.000000
0.000000 0.000000 -0.872665 0.872665 -3.490659 0.000000
0 0 0 0 0 0
0 0 0 0 0 0